37.979404650092164 -55.59421872659676 0.5148371863575913
-30.578969241729453 -93.07449240932138 0.49821961243924506
-94.71616285016637 0.4131331614549225 0.49702826257881244
0.006804561013538546 -52.55636560358015 0.5046012178086683
69.59908891430831 -17.776493217036673 0.49126876122302465
-82.76589616332379 86.16913380770191 0.49789887629372964
-86.1677056978474 37.911708671279456 0.49498021610553533
82.45745565741703 -85.46647974587304 0.4992935286479105
14.187359226092582 -54.206647722186375 0.4850371177941253
-67.09189097840783 -52.40899266802961 0.4940381778983685
-32.48279954846873 99.10347086627615 0.49883880853339807
-80.56744795812476 2.573349699975907 0.5048366570049552
-8.466573197640997 18.999281914707794 0.6765663312831488
64.18532489687263 68.3627434709569 0.4969726062732015
47.79717397099668 -17.652123456685104 0.49244918022359885
-76.72854668404025 -82.6639835419004 0.49784355932992735
10.898271816655168 -29.424323781476787 0.3734177063012091
-32.322418045614555 75.86855940987604 0.5000002722665268
-85.92118418748203 66.50880171800267 0.5026155065517942
-43.16214020354341 -51.727401387741814 0.5153172276338114
-42.88915431906308 6.429156167857869 0.47974368794519145
-46.17218525240203 -70.8904141285879 0.49321479952438757
-8.790956405904709 -79.8821646184353 0.5078548051860087
-60.43256277626197 -15.172928007493923 0.48951388924561445
-20.466654466372077 -51.20885371035635 0.5288735490437011
10.543631816779978 57.34602179000751 0.5240293581126714
50.15443655575308 -99.28590313276374 0.502332903001841
-94.02978552988964 -50.86597096197287 0.4968180702501254
32.42926601907632 30.391764661785032 0.4659840001942674
-64.52583028228429 35.71554805145735 0.5119176499644736
-9.761043477387176 -72.58997628624448 0.5048358276295928
50.400011325072654 87.18327200286595 0.4962077222284828
-83.63233053058042 70.17616073281371 0.4999754111904407
44.72468017459181 -2.3648326829519135 0.5021534228853932
-51.13329870576131 34.98738857413949 0.5037793889909533
-7.164108092059536 -7.950739412750181 0.8352242927511198
-34.2167758746954 -44.22858986854485 0.4909929206091154
-92.3576973163404 19.210342168067854 0.4949738317965178
-68.00035729508373 87.31814661074694 0.4996128402911175
52.58250573811469 61.48172813289125 0.4999176774921281
89.36940677186027 82.39621500601308 0.5007078330367513
-51.27621557653201 -33.232738883674145 0.5212182742215099
91.99313763125244 81.19442778588365 0.49818167202833996
59.378849738455926 -27.50820593237968 0.49131116742735853
-8.607749164464181 87.97374966252062 0.49579314738977176
-54.02454108993471 76.00652190540447 0.5021877649139218
-12.167241246876031 85.58746411206994 0.5069232987925466
53.22894542508968 75.25008011438467 0.5029603790052963
-38.891236726764774 -25.094395240735622 0.5054553593022376
-61.9767527849524 65.46650508257306 0.5020131972443713
56.46207078228127 44.80904757972638 0.4877614224081207
37.95181092184231 50.65440380930829 0.4880015659295722
97.7918324896007 41.449395836918626 0.49880317677337666
-2.216897855522305 -12.038296197318516 0.1992352047790944
-13.195836777429875 40.518708301466205 0.5579896297187138
-15.296124777728664 35.5763727718701 0.5370663867556016
57.1821677300492 -23.401799048592537 0.5107417850027793
-17.99728202544027 10.774507329344132 0.6069451677290012
-45.31256776596708 68.54975526303366 0.4953789582853959
73.70801904356802 29.241262613330406 0.499458323821698
88.38895459072734 55.6379631607237 0.49988948687177154
64.18359774060954 86.59664027373742 0.5011627412176002
-67.20283165659339 -92.6959697351549 0.5023602020556571
41.16967669301357 -51.19162004464721 0.4850218624341648
-92.25032802962319 -4.946057852626609 0.5045753614672466
-65.25487314493651 65.21394131797575 0.5036761116430215
79.64607398338737 78.3333579354875 0.5025642831398954
-96.99939909258887 74.27986413162523 0.49848862813564876
-14.431359463748478 29.860716273603202 0.6062440937300684
16.891267798604787 -11.817735694505586 0.7278342993342898
-4.478743047098632 82.11925842176038 0.4963842176282614
-28.206581816832113 -84.44310198947456 0.5033279080907841
33.80136321009212 -10.068362649849632 0.4853778080894633
56.92612405796481 70.58801758126017 0.49611239307699095
96.5508712183181 -91.53330768227055 0.5008322031009472
-54.587470279551994 -84.42347254170515 0.49594716704555064
-46.03855169191711 16.99343460908878 0.5311979248023757
-79.38786183624202 -15.16444500204139 0.5012784142768916
83.37593562242904 54.40695622619114 0.5015438223706752
76.46077093771419 40.54240461279056 0.5066244666785
74.96732703549014 53.09537115060567 0.4997042232854888
-30.778033514101182 66.5469545947231 0.5064858081379418
-11.356675815012409 83.75195619990848 0.49381632342743065
-80.1088131506555 -24.83905632797294 0.5025285509481229
-48.71174486452175 -43.37602205533504 0.4986592092292967
-92.01763436111622 26.330242336031645 0.504730846504273
-65.34274157758767 98.68136328223801 0.5010292776732811
-35.07380162234412 76.60021984122409 0.49688202539238696
2.1390621393836824 70.03176465034 0.5046128311100745
34.63704233718525 -6.963560232621589 0.49746417456753467
-3.5556646254267292 48.9592233042971 0.5303636740240537
67.83156080005008 -57.422125726030956 0.5015386179238325
-38.43332052345956 74.99468410705538 0.4965940922922864
54.49510012432296 55.51009907847799 0.49931034299364363
71.41450704974713 -2.940770272261915 0.4998982385218425
45.798716148848655 46.36342662441922 0.5006662794362954
-40.356532017650395 51.04899543307343 0.5041194940777155
48.35045612360295 8.565420789791617 0.5294031835959262
-64.63378966494349 21.16468323859975 0.5094058514750348
41.90044799599531 -89.443713094825 0.5040181825950732
23.954498849812225 -32.544736274969694 0.45300788152790966
84.22064166004631 19.591615006420753 0.5068788284473582
-79.88020053926627 -8.636026061131545 0.5080195927590041
-48.11024775679529 -71.898704899382 0.5067590235009695
-48.04254012120166 88.36231477918594 0.4959716313616509
99.13340044272479 -50.05310344884577 0.5016423006941689
-71.82846747213199 66.17729974306624 0.4961725630268003
-95.29489988898521 47.7667846856321 0.49703404388569716
96.48421939418458 56.920999326105544 0.501486685893687
-99.02288355779936 6.71882234609113 0.5035504148035348
-33.116723980059675 -28.283893265324295 0.46123268773798226
-71.93525390378683 49.479472441569584 0.4982710087836301
38.701377653336806 54.74199418480649 0.5088552687492092
-53.47268129107099 45.96466924171537 0.5131895024521462
92.66715511734043 -82.38143809828414 0.5018267494562497
-22.87616775548318 -80.26797485681449 0.50718140214043
-39.54920797750707 -22.427992217153985 0.5523446644166752
74.66896274331339 -80.68364563265541 0.4970828410066343
-4.128633352503556 80.4373337614351 0.5057839483792536
41.30538002993484 -33.546811010547756 0.4684993509764148
70.42493710319906 40.90653686612495 0.4923728063051895
91.84424566085039 85.46780597993617 0.4983623668278475
-67.8601196542333 71.5521242372252 0.5033456807783775
-81.67017784763073 29.925805214784617 0.5026400287536266
3.010956684242032 -36.156892656437044 0.588815562664486
87.42301753806703 65.9786023909119 0.49806704473476493
73.67832712322004 55.13919768972059 0.5014836648666839
-27.87738825119834 -61.21407437413764 0.5138596314424475
-26.54565004169413 71.95810047446864 0.5090460735739346
-19.926344219375494 51.44688096046082 0.5283230959957459
36.37105125739163 47.31164279060488 0.47597681003472375
-9.318638202296327 37.27865499714386 0.49043484680041
-92.05346963587446 32.48901743424602 0.49595554991927526
-12.050793948345387 23.964661645223543 0.6642197501293541
-68.50636980875045 -86.69684682715567 0.49865299821192943
19.540109697424285 22.09493345758682 0.6094823273137011
-58.344756272877916 21.988611002407055 0.488035638172339
-96.24099836785824 -86.83416313037793 0.5001064633313244
22.415004088594003 -64.35710252887634 0.5055513555175633
10.091507604117169 -81.87800108044752 0.5005042152331416
4.2633926132233455 20.64361531682846 0.559988195095035
-6.3728903201147915 83.4150439911819 0.5053779635652978
-69.70336404663763 60.708230300075314 0.5048537401154573
21.338367914586016 -10.669538436066588 0.6686811360900672
99.44017599489538 -42.40699808537774 0.5026323502702049
-62.76375889818948 23.868273404334133 0.5115894778276091
67.61068886525456 -29.310992830922714 0.5116437126622714
-52.80345562109259 0.07342899584644158 0.4876068494225261
-25.190325368605656 29.067934153260154 0.49670285050183277
59.839612176069096 29.182279912927555 0.4939463031561828
46.74189699842094 -77.93971316947153 0.4947483746552334
32.19901109515885 21.233159281177635 0.513703183267574
-33.12775034132804 -83.42487351757657 0.5054815820622527
-70.14390800672211 -95.60665608293155 0.5000743871855203
-36.35904031068511 -69.82976000114975 0.4910289694884719
88.44600135343731 -99.19223456384323 0.5004663006622888
-40.8671677345926 -32.11035396421707 0.5351418428176083
66.62867277207954 31.817153271452213 0.5120104877336433
-62.332025469970716 -16.007730376687306 0.5188272241916293
-63.68278520520949 -91.35521544751046 0.5026328618264593
-7.499561001967379 -63.70225027803471 0.5165809735544251
-42.40486239844443 95.43995948601307 0.49984789046300376
-46.98792492301684 -88.5997048866833 0.49638248242766797
51.907114142160594 -60.338293467362725 0.5047438485082822
71.97506813432045 22.564162483391257 0.48884816366213407
29.481834537556608 88.50557488669972 0.5018276991387999
-73.65592103204588 97.05262156314092 0.49960077793986646
-48.383699982962526 -90.38264273929457 0.5025384248994694
87.03823581497005 -35.41091845875624 0.4956260098221075
17.568123775938332 55.73232653960133 0.5206919781674644
61.87865645894226 -64.40463005750796 0.5056042951177989
99.67431811557489 70.59651808442024 0.49856825084960915
-40.386454981329734 90.46760453168093 0.5041661376978829
75.68136740115631 -18.069541469822354 0.4989133663068054
-50.166142327656175 -31.722968562483445 0.48085754695178373
54.40670361529692 10.887056550952849 0.5158627772648083
32.03886636543163 29.022777591320107 0.49601228226832983
14.201759247812575 -87.11638798211006 0.49467328736526683
-76.78028043406115 -4.462788102059534 0.5103830127697258
21.600361071631255 -83.3662750913235 0.5060201947282412
41.422294830696444 -17.128929379693304 0.5062240046776163
30.489270455777017 27.545023875657165 0.43918692212690663
-53.1555339716133 50.05280443006339 0.4992583423221632
86.1355592660874 -85.852245874229 0.5004876258695333
21.0657945166421 -79.83293854236959 0.5016050151897601
53.76024382149683 -93.42996782843913 0.5011844859423513
-46.51112843099734 -76.61964310066749 0.5060131836705305
-9.691157312312072 -35.920991477248194 0.451560590876207
22.12945506222792 49.662917037144155 0.5111177914641528
-90.0044082902758 -23.079658414440217 0.5047815990599575
81.80636896196506 96.57177733936882 0.5003924794537623
-3.868672147413733 -2.925340688026836 0.9592714154753342
7.704304140956239 -90.39583954975781 0.4957679257893942
74.126507301266 -77.94579100449471 0.49978317919321874
-11.587503586815245 32.723698367723586 0.4022119353497588
23.354922601667738 68.83069331306388 0.4917063272171633
68.79330710317794 7.032995696200416 0.4850845390212305
-8.880995408078604 -59.15862898342932 0.47696653870818284
96.30746566244457 64.18813854390103 0.498700793331136
-16.319310475381513 45.69661952588055 0.5418460105372938
86.07038210507628 61.404643256296055 0.5019015774803225
40.735512035524664 9.436995529870032 0.524334384352622
-94.80419156907489 50.39842849899722 0.4985754827583941
49.724618957603155 70.46339438340726 0.506700586239439
57.13601851422618 -42.10779849925821 0.5114709696501469
-36.68527531315109 -42.989520607784534 0.471638603561127
11.342709927447288 -1.6321272083041691 0.7342008871878544
55.26297415079219 54.12522894180037 0.5073701281928014
7.891002634808686 -51.04887542137113 0.5347465700331797
85.14168513215438 -27.060254181462852 0.5057239833552288
-53.169110567697444 7.329961252656389 0.4713509592789281
-4.936976239179899 -71.27033292863081 0.50080767643896
-83.0679279711293 -47.332873653660656 0.5044330273658151
-43.40704379866489 16.5904256023981 0.4870258487051938
-22.97707184733582 38.23627102321524 0.482539575849081
-61.45107596441459 -45.17212121079497 0.501799911769422
12.481041387110949 47.26195299231989 0.5404972052754317
61.817212789592304 -27.675219089564052 0.5149296209618801
61.78425135886826 -34.01620156527531 0.5133281178275049
-17.09665768852173 -61.69388077571154 0.5138449221783337
17.053390285313313 88.79556821675206 0.4988489560385703
0.16815868907329445 22.74167331159302 0.48513207943740644
-88.00640646970363 -53.02115597079962 0.5010559355958475
22.73463165744711 39.2759380026007 0.5502950790887836
56.78131582432309 -37.63987890532321 0.5062822725360351
94.33899661599872 88.13851506288421 0.4986785158208309
23.7644258164932 -35.85862584211435 0.5214947826442021
14.162409670702374 25.2903783138446 0.47824889312473107
55.81200125829275 -8.918037084945695 0.471627779267477
45.76526209908229 -16.390136116805024 0.5435993246641253
95.90692697603245 10.30363962999283 0.5013479672962703
1.1988275937600719 89.77354238989827 0.5053670967950072
9.80748907293112 -86.8744526403185 0.49682543385374484
8.825466664373494 -24.702569480633315 0.6029811266738765
-14.602767146905919 13.945516956578203 0.7264606763815684
7.457544385367143 -47.65468738390548 0.527372082212872
28.718794975006176 -26.046108105826733 0.5432241315877256
81.21467757371514 -55.49483755630587 0.501622054435461
-92.30345194010985 54.535953326687206 0.49775184738819683
-60.97702998938661 5.11957239923764 0.5219987702829163
-81.15086977834127 69.19582737153848 0.4969156082229178
-37.93004161551965 89.72165033251446 0.49545882321727386
89.48868354440407 -25.149458308654644 0.5045665227433082
-43.71025507522077 -5.688493336864056 0.4433425862496258
85.46079587578265 -94.04053217314366 0.5016109788521385
-52.94181228992083 74.43228738785265 0.49488717079197947
-62.63036089847187 97.67735096595018 0.49781160545064734
-5.819236146344295 -81.27553480875244 0.49209471831568097
-86.84610366282924 67.18908170920011 0.49720346402437393
-83.2659703668183 43.42803778415626 0.4959487945238205
-53.93467717535776 92.38088872322419 0.49693189099149676
-27.052181742901652 -47.8264502986278 0.5308939149228874
-46.62465021620712 92.67146634948006 0.4964179784786748
-47.7166574764943 57.14455747108693 0.5037999816376797
49.410886186418566 -60.27788531356555 0.49635115664701024
-42.352851036395144 -84.19934786418486 0.4948813406830429
5.477698073056601 -7.196243384471003 0.19086398648182884
94.58716298120754 93.43163955631789 0.5006095173933008
35.84547712533674 -31.1168893060006 0.4634758740704767
-88.77779131560129 -93.98820311514784 0.4990922263608922
88.85140328791766 -53.67784897023134 0.49652382212331664
50.079727422930574 86.00606661933577 0.5018029359863208
-30.790051229750404 62.98886591725329 0.505854162328935
-80.22560253892678 -20.611780889511238 0.5053873939013187
-7.384446467393161 -63.56647711510097 0.5131760733030357
-10.798206941576254 76.03133995642403 0.5098749072214113
76.92044526139841 -76.73252042836774 0.5026336705089522
-48.09380889903354 98.2874295975202 0.4985609830632543
-98.04517627894424 52.73418628267922 0.5025686519881655
-2.089370930383012 -11.725209364855743 0.4021981562336545
-94.62562053510307 -58.92892946313428 0.5027587041313529
-42.845030432174 -55.615566922758354 0.5081462168003683
37.684460138120585 -12.845399643365823 0.5347756538076024
-17.95368580184177 -22.768382441166708 0.481070125504151
19.929504549144795 47.250365873486516 0.5168831909906039
59.99048538826145 -24.74719539195391 0.5102020944910167
-55.79689980829661 77.7041569104988 0.504616344637428
-56.389987601973246 9.96320798079131 0.4961531971044867
-13.096208792000112 -43.4477424051378 0.5502049525497152
44.377948795735534 -41.65750816067799 0.5159185109722476
72.58106683148159 30.45590847036678 0.4909098137415659
75.84990711394767 -65.40925405303776 0.49698368573198215
-16.31175718659705 -97.24020460513817 0.5032623405611066
-58.614241747474004 1.2478938451369714 0.513374938158385
-40.252432882649856 31.073381302534557 0.4848579594836268
-79.49577478872907 -71.5300232881454 0.4968686013456363
-44.35140851508981 -54.56123389201808 0.5104043716201492
17.40300028371489 -56.29409011677002 0.4991063266810513
46.55219826231317 -98.30075426377864 0.502195246706802
68.5805493670324 -22.152333371234946 0.4878693959597635
17.987377956106258 27.177654347607145 0.582628162518302
52.446763657956495 -5.320234680868637 0.49343982949971177
-19.0282659180333 -43.47188264113298 0.4626519149246785
46.76246528710803 83.12931435469315 0.5031301873834548
68.7705673123738 -31.868176932799358 0.49230157651710976
-28.90087193699098 26.453869183438883 0.5765458837458546
60.168216237385906 30.17119002806001 0.5145723908526968
68.9748892852792 50.858594468755115 0.5012787736218045
-91.39434650916164 -98.38364860892173 0.5000518946759315
91.26592395284868 -55.26975099292115 0.4968292123308579
-81.99532001490928 81.92377308250204 0.4981060868330475
52.082804258300285 -86.2682870370177 0.4964366708708715
65.06015409793693 89.56732221353886 0.49978247833245476
25.64203368068685 -99.30598213699409 0.5022747012566122
81.83361463359552 90.23714682006803 0.499679731158849
-32.34876810626153 43.08567902973098 0.480678871126372
-81.52670778353111 10.57638204336024 0.4959170021834524
-29.711901136064853 62.53284245823272 0.48551153736067915
-13.32935318348278 -35.04511976205325 0.4207526208285701
-31.928089747592182 43.14524164381152 0.47142721844486213
-9.067793958799257 18.721127394268436 0.6761507411380889
94.87757830195935 -38.218955204552344 0.5035498583809227
24.725651265115985 -82.01790789605582 0.5007958863748759
21.773575330096122 82.84171516956695 0.5006744695304693
-74.18233771573306 -55.18331214646614 0.5049600410225183
60.16643245944286 -74.27350425601026 0.5043461965462414
-13.472535022720606 10.450940610363958 0.7694790621850036
-43.35258300359297 5.645701549196502 0.44902111974512593
-36.053030055567746 -81.22987055135235 0.501517467451702
-85.2320570373987 -83.59747192460665 0.4978510312481005
-16.15752407496649 95.29271950354504 0.49954400080537187
-72.18620710752666 21.757437643967876 0.48880948377984673
-70.86068539210935 -85.21201127882942 0.5004767159901875
6.1698991583548235 -73.26392395743176 0.5099994167312463
-99.4281457670392 63.56783777423399 0.5020629652505884
62.48177713795371 15.580537227384795 0.5188737471290205
60.87106626692861 -96.15067820903825 0.49957234858983196
-26.261613428981832 25.939587471070126 0.5002128771131573
7.62363565247324 64.44772692358859 0.5101185780186297
9.98454869792262 -91.79720616165513 0.504295247261648
-75.21326944119483 96.2370647405181 0.49857076341390594
98.64263479141476 18.08463278422576 0.4963889194489346
82.13304280090802 64.46149483192875 0.4996509303491338
0.9398925689861954 -46.76692752892719 0.4622163715974041
-87.39639555495711 0.41890624352282657 0.4971677574750012
93.15002821989279 -92.84819077937969 0.49901688819188744
-63.119724326898584 -34.55742798744379 0.4891320389845549
-23.980393157130834 1.3417862284907756 0.6231119532071632
-91.23348649776086 -82.73123889592217 0.49943822220039613
-58.66221850801354 -54.39743587541788 0.5089157762398715
66.92294880105544 87.8568431251627 0.4983846758122927
-80.0970723907144 6.913009690030975 0.5075647341835873
-67.39259986909569 -59.24107671185206 0.5056519144125962
92.99813324116516 39.725827281037226 0.4985377860841892
-38.9817707911491 31.678275743173288 0.4598161710849949
34.911314593111996 73.82605453256238 0.4915036265609526
33.83776169569575 -78.2558811032869 0.49528799152251163
73.77597819594615 -64.23946605486661 0.4971138709528097
70.05592938969752 -21.336136458164304 0.5046015114000567
-1.6967826217599793 -35.87779626991809 0.5870188830746943
34.26373812257236 90.21886422828447 0.5009133383514748
-11.016456832662286 83.32831737722668 0.4997574779475669
83.32815589817204 -93.28092923857865 0.499292827892843
-62.72615786066571 -13.71244177321735 0.5176210322902658
14.014352362966903 78.16155159220176 0.5015439911017237
-64.74208305491413 5.615735604814191 0.5072339526814671
79.0127929562735 -26.19597746212881 0.5079509197346288
85.46641692898146 74.79734079227885 0.49850332491294835
91.30837307315741 49.854721133920634 0.4973093081649893
-30.291225613303197 37.918480874017604 0.5420849566601432
-43.54529795837428 -7.963158092269325 0.45195007651648944
68.70422367528175 67.85400647236855 0.5003828225668935
-2.9008841169579256 -77.5155417711017 0.5036647295670097
-60.186686135250845 -99.63924303513996 0.4977693440836874
49.07862925919946 -35.47379907647952 0.5036999698019775
-0.5837541893431961 19.49727395211991 0.4330869429286151
13.794865137616569 12.316866757321023 0.28989960178341345
90.04302194574103 7.5797705891412335 0.4995160116970632
-25.205725229065038 -88.88939753616253 0.5046404896379555
48.45899912744332 -90.16363085145458 0.50329693366449
92.50055833413623 23.722504188795483 0.5038899693261988
20.786445652729498 94.2125589266999 0.5011693729168658
99.7319107152102 3.036651980157771 0.4997288901492185
30.96906109531875 -10.15163486249125 0.5825479909118563
40.5866222614699 -27.170955502629823 0.5417449080804099
-21.193015951771216 -95.5812866652759 0.49768927015454034
85.35965431814049 -64.28170592068449 0.496769684801764
-90.6739775734565 -34.61816195931844 0.49637192412558784
-62.373739126984916 -34.729238762640776 0.5021626722976348
-50.38367035832152 -50.1022366039974 0.5101155913381604
23.51544447134306 66.56048142307966 0.5137230172425026
59.255953619312436 -46.78086927385401 0.48907509520564196
-72.53433437611845 74.56662836430408 0.4972794537728797
78.51090568399513 90.7017264859386 0.49916092553197444
-20.402458183645834 45.33785605578743 0.4810705249775771
-6.743643659961208 20.67512820467377 0.2964424258881371
44.27944832006713 -13.476964926379239 0.5054104446222569
-92.84659843407026 26.058977680825166 0.5015695569321934
77.56260485088322 75.44445329967618 0.5028927739377272
89.07957393191401 92.7702981129116 0.4984928428885666
18.733405004892134 -75.30665562628884 0.5030481155654346
16.99843199613433 -66.79709851920919 0.4859486134668814
-30.144126517810747 -72.41103838588253 0.4904396916110407
49.550213595142935 67.21927359889673 0.5068541836808043
60.30956553366801 -95.7423885268252 0.4973928527442871
11.487333539090145 -72.43135036642539 0.5068294660206897
-59.74912648405568 22.002527170892307 0.5021224800484865
44.1234017429324 -29.383524773291697 0.4757662376652399
-11.56010942430899 25.797210570829748 0.34553913886446486
-13.020134310224137 84.18192716963773 0.49448397245018355
70.02545323067682 33.01377344725964 0.5063787028434632
87.9324128651939 47.006428364086105 0.500312309392408
25.379323361459868 97.94080626502796 0.498900153887944
49.65171732667429 -92.095954406813 0.501166627730399
-68.66994565278259 -15.769946624549618 0.5126149313054202
-14.188816864688576 -78.13624961868499 0.501655815275801
-48.639093609716255 -69.85201103966531 0.49388799439734155
-70.16908556065597 -40.60401319496649 0.49702237820374867
77.40313834335132 55.28714331900957 0.5008607559112862
-95.25988440622974 48.23476438479423 0.4967583603141681
-58.016069171131605 -75.49216513032877 0.5017087017629205
53.60729334791682 -63.25936999779391 0.5063324362119529
65.50892094450958 59.26749667203467 0.49528863822192337
-9.181905009245156 -89.68984996979017 0.5019121536292966
44.2734297880985 -16.42189487724221 0.4529688839109362
-21.766596470251613 -94.13648403772403 0.49984816356894207
-22.271877494785357 3.934304532913032 0.4312225202554982
-15.914752498514147 50.26771514738135 0.49269272104003903
-11.797685355101237 -71.10033154945836 0.48784319029796774
-17.82310913695764 60.38672834667764 0.48039467690982574
10.853009366461691 86.48587607451668 0.5002030905203132
14.890136280274646 -71.83385118710098 0.5073088777794788
12.469276495721203 56.67027881995227 0.5257603579451293
19.108150828799708 8.543791140937998 0.6261522855847066
72.59208266659022 12.56396943644458 0.5115178470921768
45.61139011044588 10.540042584313738 0.46007746091314905
-48.604341792221305 7.818482580681646 0.5205213455543114
41.0993434986635 22.729337745882077 0.45376186273319624
-65.33056515917961 14.309325322280216 0.5039825539870065
-33.866323022315754 -4.615749673386318 0.42263155442399475
36.99332149403858 50.315507193298714 0.48492439598097137
-20.551860416645525 27.785404369212486 0.3961685010448533
-75.11821450385297 97.75667534781508 0.49991304475674975
-47.457862399713214 46.879699105372254 0.49829055335166184
-23.925354340453282 2.9004591020039783 0.5948030641207225
69.46011141224565 -39.09176384834338 0.5063672136047008
86.32750392291669 65.49954913952735 0.5030764437687734
-72.8750567872055 -81.94865931444235 0.4975384849842466
20.61681631694489 40.13995602359543 0.5355454455852652
-71.47062516481542 52.62792123581639 0.5000848570488866
43.39059150846208 -66.40864044080625 0.5000428178757734
3.7877912956518287 -44.02547770580804 0.4474372010919415
-80.38169029919675 -29.39585865212611 0.49970802468336545
58.51472660326084 -36.13075595171136 0.48824034455486803
-94.88829563765783 -62.69828433079423 0.49923319389668946
91.40784512452134 8.959838517101957 0.49948779551623407
47.91098604146288 -52.88864764304522 0.5028941193107317
8.774086202289652 -47.28210703122884 0.516053891575264
17.587334523016935 -65.10950887823712 0.5159092655509758
59.473293651274304 43.268544951950844 0.5103140398597507
10.392363233221019 -8.750418275931438 0.6606908767358448
87.31957531010076 45.8708429079725 0.5034565443266009
-67.45992869643449 -66.11254003035303 0.4953499762591942
-50.34999386760728 -39.419386067303954 0.5117795570951797
-25.380949034863647 -97.02527317136442 0.4963765650306894
-94.2434571004027 54.28564726477967 0.502222274996687
51.12263286876299 -78.68820176590918 0.4964591073172748
-25.780620578245333 -0.4192476338732405 0.4521910653919138
-48.735078503233 12.53187101635993 0.46016608049045793
-78.44467756521377 18.258212037428862 0.5058079970302259
20.803137613334698 15.69127927321901 0.5487559354670645
86.69353127772555 -17.418545400199832 0.4961208020741951
84.80719823425517 34.70275041394646 0.4971966801957906
43.517652244944315 -48.89446445284893 0.49086527598800617
-29.08676963279433 90.97776885117591 0.5040036834273871
-80.34507354532869 -10.773843958536304 0.4971209125296716
-45.441022031126344 45.99683658600375 0.5162614208523923
99.98014444626511 -53.00143208235089 0.49739703578265393
-63.52530131891763 -11.554988768598378 0.5177039366892051
-62.47953431209423 -43.89570537884075 0.5036597091326193
-85.46220692867912 1.5684826820342437 0.4981117155242405
84.96011612419824 51.88687984236759 0.5015908926729284
-51.32134589496937 -7.4187948484578214 0.5367175847060291
-9.411838547478894 -87.97717839076473 0.49669301756708584
-93.18743963506637 -37.3509774881241 0.49607793517423604
24.96408815083508 63.05984444558243 0.5135567514716719
-67.54206153291938 -13.720084331740878 0.4859969982636404
30.765995005756594 -94.1423843845837 0.5042219882439649
55.90386974646458 -3.6832901609947584 0.48540508453490044
69.4824449688268 -13.741185774487619 0.5132562948170571
95.34718024425831 70.7991242942866 0.4992961423298311
88.88072554438202 -63.12526313488911 0.5009125489154248
-63.235866605853474 32.47457624369679 0.5094821920406954
7.411541702208041 63.581984832500126 0.513674899890792
-75.86488735820853 56.35461241070115 0.4955901450946418
-46.808277894571205 35.413572449385185 0.510298878393772
-86.48639201846937 67.71276377108754 0.4971483379612909
-94.30761970540821 -16.814892537629333 0.5048225061629991
-13.735126478124428 21.223185597227868 0.32190054873413104
-94.11439727205928 -43.4374973831102 0.4963772209108794
-94.73852318115208 15.317728917310802 0.504581406537672
28.109920644824257 -41.00323903076158 0.48132579781905505
65.50073214785925 -62.397991646797934 0.4983176226631753
77.40905546938055 -23.57139727135214 0.49960873013437335
71.49827262876099 -83.23975468990695 0.49735234567274433
1.7297265960296073 7.896881135477287 0.8946983863555946
24.789374710364513 99.934263737962 0.49943900036573546
-41.086871985402574 -82.1211545723956 0.4992649422153004
-92.08024577490401 48.43008815318811 0.4973450180579103
-41.34679941351755 -63.169794866842196 0.4890835959265948
62.047187748352 32.54069969969132 0.5045603944779808
80.00521855235948 34.777629923817045 0.4992201805625992
-84.5506722989897 -24.920100983077333 0.49392498116345107
-2.647053127832706 5.734935502112066 0.038646980467534564
-33.26311936768984 -67.79080926562271 0.4891542579111662
24.687090346742437 18.943528133644392 0.3932301223797855
6.436182274737973 -18.43532220190525 0.4436190545474649
-17.917337099753453 14.367405457631406 0.5794127866199686
-60.08498535531572 -76.929800520451 0.49593501013544206
12.226522966142014 -8.992835806701379 0.3387468246356514
66.89004442852104 -47.58020117401074 0.4942407326349124
-52.065540093863014 38.30692042534213 0.5165967750663789
63.31239086828714 -35.6639920115755 0.4913441816279446
-93.0632158212966 73.76252661788007 0.4993297681209795
17.54403929620976 6.673467652422602 0.23001319142713028
43.76326817702994 -45.33238089931781 0.4810296984147717
44.79814039642247 -96.22082289906315 0.49927818709246086
54.14900496820857 -1.704853364035145 0.4989257781971019
-81.94269354902008 -97.5297519211005 0.5016102241125251
-10.154850795508537 -35.778744924098845 0.4535057753095594
70.2920293388685 -35.84326490005287 0.4928427134823452
54.54939906536677 -67.69816000330569 0.5031343340547951
-75.92641006671268 -82.29299289035708 0.5017300070399863
-89.5441389202561 -25.56585411488308 0.5033615270965763
-15.474604595407143 -60.17307549561046 0.49643755411789386
-49.74613773737653 77.5394350026587 0.5025016403140983
86.34569014538965 27.640597866785768 0.49629105314433364
43.58040428326626 -58.631528453460376 0.500301628719406
-67.53544905018434 82.66972808689377 0.4967734219810517
42.69230746905296 94.94032841647282 0.49764450353404066
-46.7752775873574 41.024339134977424 0.4929606752993555
40.181355973859695 -50.7045325513692 0.5154981179480334
-1.6007489218422108 -87.04148893599721 0.5016543472089973
12.241228619654436 -20.444635534461028 0.6750376229453207
-78.31873911524099 -30.869394379791743 0.4978107375484075
-98.38092563336191 -90.16334621627968 0.5013995259080227
2.23765391370236 -32.051385519509566 0.48264605276001143
-75.91848260373351 -1.9291352927633767 0.4949461418795726
-0.48067834094057105 -82.14419035718359 0.4950096946858681
69.47053227368966 97.22363616895646 0.4979121011208047
18.572502396003927 96.18127534467769 0.4981293704258819
-40.18699720280963 89.69250857819432 0.5009534788339192
25.28040181413816 94.11583062592578 0.4954976904509306
-58.62439241136621 1.1881472776054522 0.5129821444432295
24.86226007318602 8.919818307510226 0.6451824858946058
10.605302194115822 -45.22405427787754 0.4888197029883342
-98.63622599631829 54.629088923337605 0.4979441595190192
-25.25710727102519 -26.33716154317132 0.5688640735022669
53.09900008520759 87.48295014659286 0.5033874992487447
-96.78450808970682 47.51762330182743 0.5013390230049733
-0.7673723623852453 -64.19051812039484 0.5174468781212281
-45.24781737419099 99.45802145786831 0.49942666524445734
-23.699191971998985 -8.550101994214174 0.3143232650971012
76.2783862699061 64.01988369559035 0.5013336010564846
12.812882388452621 -10.290340811802594 0.46299947610143427
-10.204170982288716 53.303815998302156 0.5050709632023997
73.39114781847655 -79.32901882548411 0.502517125200225
-62.92081921168211 -21.920675398760963 0.49569073359054777
16.865914521464063 -63.37511178572903 0.4874119861288331
-54.634138190258795 88.3253861923738 0.4966426578361506
64.73973781872988 17.711765519084665 0.5108795676133084
-22.82235779044919 40.694237063689826 0.4705282693477419
22.06812195262087 -54.97457575558715 0.4847801367964352
95.75700069089737 11.176321794433349 0.5018108486208065
-18.625498110096572 69.84005163283214 0.4871103990220763
75.80609628581263 62.266963372118 0.499345742228398
-59.2509125892551 62.848955146280474 0.5069800466581074
52.41408824789738 53.407898334712684 0.4951536348134767
-76.549601959358 46.84640303573036 0.5055634635724952
48.49300550704871 78.58960079038278 0.5043485946884172
-95.04745275214074 51.533021351271486 0.5026753935537974
70.84969053909248 -51.98110316703504 0.4935362651556608
-42.24271777233866 -59.625290606041645 0.5007631609070081
-84.07851756380585 -21.71546097842014 0.5043277051097614
45.80137142598423 27.36227733942964 0.46640852298084357
80.81681924291792 75.04749499899276 0.497729124606236
13.282385035991624 46.43909359480472 0.5317792812624449
43.51288636643244 60.14061932262695 0.5081556345414496
43.98439786782561 10.746926276386688 0.5458297392247711
53.94047154142521 -18.620966491734777 0.4858130661712557
-28.02297957970869 -68.14242233832199 0.5115731348370018
-36.31029359089466 -67.69924551075152 0.5100467457247351
-12.996228637513724 -7.606465538471269 0.4107434480733129
53.729547237806315 -70.69092890408567 0.5005353347830827
-95.24945062966543 98.44746485194366 0.5010208481816593
16.26979172511038 -44.65791815493407 0.46757075632584955
33.919834286629055 64.01664984962164 0.4881194230545571
4.601137242106773 -5.240392193492639 0.41420986046537156
-53.65441730693972 27.302291890730814 0.487808755589914
87.97860085152163 48.009782930592394 0.4966423269342257
53.74841476112593 96.39167177248925 0.4980297444698082
62.40811572996208 31.734718801719367 0.503213397060491
-10.14333524096429 57.46996558442643 0.5228779032734323
-84.65437389460762 92.42596749576202 0.4985818344387672
-69.70815930024297 -22.195910817707485 0.5028145279795837
98.52310426405325 17.25751039133388 0.4978240319595323
25.259456697247657 -98.78832960641412 0.5037093255899697
-82.93089604791597 21.58210043229704 0.5012120431457944
82.30386979625166 91.45696471271987 0.49901395758253964
52.7212218603519 -63.659669282966334 0.5030172655471126
0.11279026662998604 -80.80789897210887 0.5015446080110338
60.36424429609596 99.26276967792646 0.4976394960600028
-49.094717354452186 0.7119564189878673 0.5296220334244369
-48.794327265228276 35.52400994608112 0.49449987683799473
11.743211161278026 5.675629272484173 0.2884545201677824
-79.1207480545587 78.46808090547239 0.5027290224928112
69.19975025595733 72.56859937225644 0.4964385301666926
-18.8146061144339 -58.3103831004846 0.5221184940070692
70.97321438373575 -98.08695002414123 0.5019809291415853
97.35557068403281 60.51806329606458 0.5024941118597415
-41.891767383791475 12.100390467517784 0.45677817621971684
-75.24623243729498 -44.86125634307487 0.4950062999302307
57.16986057369269 -69.03548820144658 0.5060068115046038
13.240328544597176 75.4431445674904 0.507789392970987
-87.30137318601633 43.131404362845075 0.4954510692027333
58.51098921678508 36.05578211257716 0.48908329299869163
27.58680787686731 -24.774385481614985 0.47133647691715747
70.86011567766818 -19.717076536255334 0.5103711088561965
8.581603016473949 1.7706710203447642 0.39498768466643996
-35.25340934953347 22.26892803026199 0.5095286313067372
15.67427441795921 40.457437185627214 0.4775963385505761
70.91239722433122 -44.117926774826046 0.5067908697893954
59.7678104777622 75.4104390928562 0.5032774912949189
79.26179988348167 -5.368931875426824 0.5021909448525447
-90.81213537776334 26.092329866393754 0.4954930591860492
96.50049440969443 -93.1606119963561 0.5004666012550569
-56.06554800519008 66.7852493970739 0.4997364308557064
54.998389074633224 -36.490830838934585 0.4826035201360219
-27.701312693419695 6.018147786318522 0.34793399644284984
-92.56116489102317 0.13389943958243578 0.5053165280504219
50.083537070647424 -98.14377384609631 0.49740145030917693
0.10757449959244525 39.08559947350565 0.5730080799071634
46.69546035553219 73.54825707807896 0.5008067607479996
-27.406243227645888 50.95600808830275 0.5229331251461882
-39.636634459431754 -72.80060715994827 0.5060594687750531
90.61279178552564 3.9179141252166687 0.49598170549494514
87.6401545629441 34.685713654693814 0.4948822927895288
81.38715273641174 -22.635534320858582 0.49419165554564376
9.864172652211664 -6.358808830290627 0.534608792441344
43.98155866275758 18.85702971500747 0.4948638270843716
-96.14500380015419 99.27776078387674 0.49876427855370775
-71.32726228261231 -1.9426047652814589 0.5031382351673367
-8.139907401661176 -71.2110545740086 0.4947443350850964
-96.87561386603821 14.240564027014273 0.4977986213002778
90.46829971981566 -51.67715585265535 0.4981682922929625
47.51379252353905 45.687741150405316 0.48261311842404353
23.97091083283594 -46.24929012337926 0.5316081294820021
-22.799483504354612 27.936071116728584 0.5935876124384116
36.911198583289604 99.20938654032963 0.5011532877523402
-21.874385895499415 -0.6462204147182433 0.27662946366613417
-36.955011935719725 -8.98548687986893 0.43426985603350743
8.477587269266948 31.673741776048757 0.6071236239068418
61.685786925844496 -40.21209898209932 0.5112384388773524
13.393090461359463 6.979273740650143 0.38326120088305693
39.426783901386244 66.52334382936931 0.5077115865407327
-66.00621032868864 -92.87086400426314 0.5002809991921866
-27.496298293365555 -28.638229304341436 0.5489920697701819
53.63471493271828 -90.80932124073671 0.5030712116219218
-64.72431652353578 51.79368670654242 0.5061113730630443
83.00328333236303 73.09479812520698 0.4992054426957418
54.17606610324955 94.60639104937727 0.5008904721268073
-8.131707575430696 30.391032878217487 0.374200639636896
-42.45771186052587 39.94698026370165 0.5242515503388583
4.757829131499463 43.285702972744446 0.46164653924453053
4.335911146188849 -54.514049238247274 0.526205707881058
-67.39742489698884 -88.50744668703136 0.5023702461488004
-42.267890602088286 -21.406210743777706 0.4585743335110146
36.4320387737196 -2.2375912002091667 0.567583714131326
-82.24231026503088 85.51574597631085 0.4997790121247049
-41.00458286115758 -13.152835962485227 0.5163061567350566
98.28501622616906 -72.43777206420853 0.4987023374624717
-92.62231995777496 -90.0994439836118 0.4989127084574649
-34.640218728844616 39.76370439882609 0.49206576183559914
86.41478397803277 11.320218440792914 0.5003530839468234
-94.41729679890231 92.15304351859425 0.49852467604263817
3.7861442758331094 -32.170458330795526 0.5444193595334639
-80.43190891290051 -8.010214710715275 0.5011633575268964
-45.626513075323835 -32.371297766083714 0.48965714280168887
67.95201696155783 -19.448596799346475 0.5139078942134884
3.1303550223429824 -58.840045170208334 0.4990804689161087
-37.96808956045324 46.36638086257378 0.478922444112854
73.56157905593071 81.82031875647513 0.49711827441601447
31.304557043860342 -14.082998462427994 0.4056785705821174
80.09265006008798 0.13119541375938581 0.5090884184930865
78.11968191466553 45.44042101149091 0.49936434396462087
-9.47975071399702 -1.4039014833591779 0.10143705895485772
14.872512263289607 -36.140785928497834 0.5727745963841916
52.68812350387611 -54.30001661129664 0.4904308246289015
81.57611690968193 -62.8484220587991 0.49932494235108416
61.98292644710335 20.533364044634666 0.49615128976707296
-19.012062587002077 -74.01970647344467 0.504910375421195
-69.27621014157606 65.97561904178173 0.5046271696351824
80.35345641242324 10.344882903904164 0.49791198954572513
-70.61771913942299 -93.89789567442016 0.5018281875407288
80.33830885900971 -15.39068845332298 0.49178105036626496
43.882371022930414 -17.378836956536333 0.4525374989957372
78.7655629401049 41.01290249680957 0.5006770833749211
70.4907876143672 35.79115873002948 0.49513311897204165
-23.503863809707482 95.31348503220835 0.49994627811363357
8.881570642020577 34.059837529836926 0.47164535702902716
4.200059684535944 0.565359711073981 0.7811014256150863
-93.49846483042236 12.527057700625917 0.49497288899967645
30.130206409170967 95.90861102722889 0.4959464906387094
-36.137834597154225 -91.15375724093934 0.4989545505137731
-34.6277636754901 -33.46962690197543 0.5217412078147055
63.679853806083514 48.03930426309876 0.5071385716742445
59.60806602429679 62.27754996070715 0.5065470334359519
-82.2596114156002 15.700483627175458 0.5043071569851072
-94.06293443994969 84.30659844260305 0.4995385565803112
54.44827725723485 -31.91801263055862 0.4829872847886613
-70.54815479588382 -17.008654254382733 0.48967965047641504
22.731754710577107 -43.49562423352238 0.5310250575018095
-36.90243786914438 11.905969669508437 0.5438545083474268
-29.60467348558899 -96.80375795393115 0.499316520806052
69.3776656132654 -94.22927358346624 0.499954943222466
-93.53874560740931 -44.86314696449505 0.4964197841258264
17.143848407184564 -44.35608416051884 0.4693314024678117
77.97188390208396 81.66189862996157 0.49754155812146883
-18.88008884969568 -23.77547317326274 0.5697263800671976
96.78354664653938 60.26008520606774 0.5006436231313287
8.904410919269253 -3.9426740878574833 0.16218845958878975
-97.04609149102976 -24.324063226174886 0.49765424004298076
30.450486958396993 -35.90614280790156 0.4518610213594179
12.887153268299542 -65.90545937810421 0.5116952014750642
79.79558565481958 68.36436839381017 0.5032578374972108
60.57406817631053 -31.0700908326625 0.5076049769714852
45.158122966578446 -8.396814896741802 0.5375431949839545
-52.02544065086514 21.889812998760206 0.4720979327245448
-14.323612046972386 62.636508502580426 0.5181695556848014
-72.40432847042439 94.57990723792949 0.4981368064417221
62.23270140359628 -78.28781293698724 0.49791967823464517
73.68191139864106 -70.58274450630553 0.5038048042518584
6.858836915974436 88.98415497633391 0.5052218868270769
52.18603100231388 32.52135847691673 0.5196206812750963
-98.13063530605967 66.87881752335895 0.499317096046165
34.16746484913352 -42.45774960083744 0.5182214188325401
17.500493882319063 81.90120531632562 0.5042341978277647
72.893524042568 -22.790091792108342 0.5039624442408923
-26.595474231883003 69.8075602658499 0.49794758957536916
2.2048162907760513 -68.97826638467401 0.485253969797073
-92.47900112012775 13.905058589057418 0.49941002602438855
22.68414209389347 -80.90005584659767 0.5002683099759734
-59.40581954004831 9.27304700602538 0.48486039913965856
87.55737671974103 36.44211892278955 0.49809896200369436
-19.176881381095015 -92.62651050448562 0.4960903223535239
2.5374551875837454 42.227893351070065 0.5627727729515946
-76.05471046031286 -94.24150029463969 0.5019451075848801
-56.83842495700529 68.39765404986062 0.5022392731295644
11.463070448459305 12.898024004156113 0.7965655138500612
99.21131144914506 -54.61231182437514 0.49750392157962253
72.5505542248172 28.92074998813621 0.49364011747800535
-86.10678706902559 95.87790767652461 0.4983997719767455
-0.3118754649956088 73.75174596045272 0.5119225659273482
53.31703336199794 -45.68473617096973 0.508310810724496
6.6260941063128485 -67.96344273506121 0.5013689113121692
-65.12285655202777 11.262869571955903 0.48311348840637636
93.20666609692327 18.90584326309623 0.5007069184385698
20.527531942433995 66.95085760898382 0.5035957158535129
77.1973300502174 43.68306200971713 0.49936157317192503
40.268754400037665 -24.434077885584344 0.4517808146227293
14.622858447024285 -83.62704006672111 0.49265589140453586
92.56752066993232 -44.59000062539911 0.5010333043279905
2.221282685355959 -27.88205043815222 0.3708019766744497
16.521908475800956 33.47053475400736 0.4358707609377866
-50.989565934406315 90.02440300862114 0.49666982394946024
99.42188695536447 -15.072364404334195 0.49595643288768715
-34.996250974972256 53.42167382029456 0.5091837647768482
52.81903548438066 12.87681875838662 0.5108691797072812
-27.344610223290843 -31.278737532552853 0.48929452194279505
-81.1928939726978 -33.21813534338891 0.49413046859641624
23.135319807312897 -98.99529314217175 0.5024852128794343
-9.28961146016583 -96.32713578653838 0.4984474574111646
29.794056703244678 -61.03583178119829 0.5116061425304915
-80.49140739890561 -75.43509596983785 0.4978283728417382
-35.09600721913738 15.140444736857873 0.45869695556855244
41.81612715803894 67.35071387315841 0.499076810159485
-28.213983639987305 80.74919847640334 0.4989614317518388
-8.907244763306082 -55.22356266922803 0.4899972145526044
-25.834577905863185 13.851386957992418 0.5703187091194788
-6.390589844219903 69.80759268303558 0.5055424227116753
95.40738001643035 -75.71081537709709 0.49975712146201184
-76.5532871752923 98.26689166054683 0.5010706177066332
60.42148145908641 42.21039107750147 0.5117254636914792
-82.62300542529049 -85.51052592013384 0.4987296177352767
6.358900381391777 91.48658021728596 0.4979657765137408
53.784127830374814 -7.900156179848054 0.5105850888909429
72.05257270535557 53.53744563264607 0.5054606042769456
-19.999517379690104 70.15713838063803 0.4977613698551942
-53.45837434584004 36.8932770136945 0.5083104456808661
-28.891966160092082 -34.2814280718172 0.5071438676395824
21.17252868199273 36.6550693198447 0.5633072766909393
78.26739223920893 15.656542574919243 0.5076714032102567
46.022615037596154 -55.5423469306237 0.4874066807530729
85.9838263504007 -72.9456909047515 0.49793176818789514
13.569075870857787 -35.181466609170215 0.4147660744727131
-13.998473173389584 22.721164198370133 0.6704613066523754
-20.273341262514165 71.05913188748247 0.5118719376239861
43.625289885049625 -17.850801911851505 0.45184542115159254
73.15499261754778 -6.278998049759849 0.5084674838059431
-39.02382467844683 1.7576610463954552 0.571774685033849
26.94120319584941 -48.6418640885754 0.5093245478798532
35.81192970566485 -86.54495504562763 0.4979672921410708
-41.9524426111336 -4.676883297798142 0.5595503958658073
-21.324938564212445 23.220374336998816 0.3773178965723909
-31.214177682307948 36.50953606597969 0.5112893168011748
-91.2305809325604 73.84507499898965 0.5014660562039938
-39.25839004875471 2.883699162519733 0.5755588983059138
-99.17635033651466 -87.25503950623698 0.4985960116251949
33.84548384393881 38.730922341524945 0.5261638061779162
-6.1433421487192135 24.12998444294179 0.3297952663556339
21.439201335050328 -92.69166071078646 0.5010372886943795
85.46199830659606 -52.84603671107773 0.4959594517351149
10.010520910147335 -93.8960827712803 0.4952430624673884
-20.929309981310368 -82.00087243073264 0.4930490275373587
-23.779350127304966 86.37232751544701 0.5061065110782921
-18.191675173835932 -29.27020452724895 0.397398099116098
99.580762230462 -14.895617990313042 0.49616849234747595
-41.147157160212224 35.53800075504034 0.5110741203536142
-43.05117229312674 -16.17099949652257 0.533229538081628
-30.416603062812086 -61.50366445870481 0.49173683153478026
-40.85657791281812 92.24345409729884 0.4969688861034757
34.85847262329011 77.2367175498546 0.4926349751063077
-11.468335760660537 56.43404177496595 0.5130295179423724
17.14695078572504 36.44012591094909 0.4693462368948458
-66.22162475236863 48.608271670865264 0.4950236088353044
36.20087667716169 71.8622274566585 0.5067890267473306
-2.58142072510293 53.76512247002944 0.4780277370880603
54.1892844499321 44.60058586123478 0.507631925601134
39.4585275110781 -7.442115443633696 0.48560191779346035
-29.030754530940996 69.86378553772565 0.49037071876875676
24.06335538110342 -55.64668630014062 0.5068052254336171
54.77808406657397 -81.10483590686835 0.4974457178488643
75.08719448783884 79.58963248863273 0.4985807193235549
33.00211406306332 48.871175588004576 0.4967306054251992
72.83777422498525 40.069189662373304 0.5077586339284957
51.16082903665986 91.0531536140681 0.49988668369122996
99.91502080739153 -85.88511501736215 0.49862499455385806
-26.77915540532412 -63.666034911620194 0.48504872001124666
-87.34579259202812 63.22631076802983 0.501382904896011
19.24182815677473 62.52900691801136 0.4918901970718944
-76.23968360617388 -26.964966472778528 0.5004962584586043
-66.61945895850954 -82.26444736432063 0.5011337093875512
-51.12548084627227 74.10911050293362 0.503280335954405
-41.14655847378521 12.80119390346482 0.5127729194821715
-51.144622050635526 43.80817698413131 0.5150024089404562
-74.23834231207582 -82.26663166415466 0.5003962120635385
76.40838032543925 -24.388841046567762 0.5088843861823806
-57.16023948639661 57.98928735866568 0.4925152907637667
64.02534777634224 91.71415987996386 0.5021810867376644
-72.82071317497152 20.543991592179452 0.4904599779287821
-81.06623424263589 -71.40269221258401 0.5023546879128887
3.232802071436751 34.73711864222605 0.4196078396839451
-47.28159301103296 -0.17110177229240264 0.45460497050608106
44.23389695034206 27.054996670387155 0.5367311718626985
-34.22263629978448 9.569788266608924 0.536684458527564
-55.473627471818034 71.29554860186639 0.4998328827613398
-58.19540487066146 28.78907600538372 0.5091665110209137
-48.96390373034942 -55.9152232916593 0.5064255193197568
50.491870790867154 92.67279889899834 0.5028320142076753
6.814866392260683 -12.783074834570868 0.7616977163841172
-94.9196231576672 29.268570012860494 0.503129854321471
7.56575821879288 -22.94872687114136 0.5715651727081552
46.43157348188555 6.8279183772008025 0.4548342527740244
-6.4737821855253515 9.503468105677882 0.708518916825041
69.15981939479275 -46.30232084971604 0.507948152074978
-79.49476318344388 30.673438214503477 0.49473164842144446
39.50169804650781 -83.57205542611831 0.504870309132938
67.88187177895895 -93.83720815420796 0.498403699864324
-63.443100481894476 -3.6153007293042094 0.4972033890971833
49.40494142424228 -66.32266180101504 0.5036805268811625
-10.384403280489508 74.60776483307586 0.4888889719139729
67.29566940910584 2.6936175401185665 0.5150936657287449
70.18632831468028 81.5616740665802 0.5000224543097496
-88.79147526758209 -23.155555012259413 0.4985465628453536
48.923064979777564 -40.15547181820332 0.48792972562206083
31.437286195375634 65.82231009198958 0.4975709145817438
77.90433517790055 -89.14253510205694 0.5008967397919858
-35.223017287519525 -80.93706528057989 0.4946954023327492
-17.857935281652843 96.21976828189821 0.4973897227779454
26.596447329463274 -36.95026770459708 0.5528850233198992
47.37257041722012 15.240346779297198 0.47776908673416396
92.77461051069525 27.54411587713301 0.4984207974049922
85.76426447923478 -5.571799006812526 0.5044330527274031
-98.61243089339588 46.437246412345786 0.5010113924663683
-98.66298319717592 99.73865074326875 0.5006465735565222
-74.77848328575774 -64.54986702510851 0.5040578847376881
-37.534773905022604 64.14392001436875 0.5065158312779032
-14.926649792352435 94.47973777672885 0.5045858367936044
19.376994438967856 -5.929734678672389 0.7390864024121828
17.47365467982098 75.59083380843313 0.5033890703973054
-78.20511405142341 5.241262404102315 0.4906946794170927
-78.09948582505695 19.85139943071286 0.5052182032338315
-60.410608540534284 28.959352013843812 0.5074984978219997
1.0683521843880754 -23.386522372551497 0.6991893951297303
89.80265263777883 -7.330153037624271 0.5025557406956048
-38.383896672833615 -15.652740482178729 0.47700934735151285
64.21910905539201 40.52249269182957 0.49479569309336047
20.683662447441947 -82.99137470631293 0.4988709093847002
67.77024178249314 -39.40509183610599 0.49062279601849934
14.718131052291696 41.36751667679948 0.4423206337203962
-0.3532072876359962 21.69576747103723 0.3073109900171779
-80.5981283907791 79.53461625648012 0.49747915900244577
-91.67662695432371 2.513820158307098 0.49800594389756137
10.317933722859223 71.21973818571314 0.48909341976561493
-47.00189981337921 -2.0795590911037607 0.4521397427802784
45.062551915003496 62.91425834566931 0.5068545490739407
66.12288588160592 -96.65737813248106 0.5003963147973133
96.544476870898 99.01661140232625 0.4987754509402116
56.241908941586786 73.7185125175487 0.5054050312540265
28.425758480067486 -44.866869645588835 0.471484254566999
21.337197981829533 -94.0776571184623 0.5012735922846104
-55.792203335061345 83.5208244689664 0.4959983653025136
-64.14239071272789 94.54122421326173 0.5016843406448946
-35.21618629636616 -58.014579211474306 0.5127173865486061
42.85347440788567 -4.892925764483252 0.5079218398208634
-42.28872541176463 93.51707649007082 0.5018214343857273
-28.85807645059903 96.3202723983299 0.4959525298521802
27.62179357032575 73.77494946403806 0.4914274300245987
96.24230677671795 1.817631037648198 0.5030163342291653
-84.132190673676 -37.30040425354102 0.501525367087303
-33.435295740347186 59.61311377722109 0.4993854609461242
27.710849209376647 65.66091184318782 0.5053282570102485
-74.84836938801641 21.00760596625304 0.5002788740614826
73.47876258461699 97.0260519973337 0.5001090957431351
11.357036115287983 -42.53090194157538 0.44224405423070434
-36.429613032021415 75.79872960558376 0.4990672490085601
87.069848699846 91.1755197850506 0.49880032955774883
-41.96522277454995 -35.296591065655676 0.5298875978008846
43.08865257139132 -8.056641624074004 0.443930808698061
71.18183989534134 78.26776059917913 0.5015124657100108
-3.371146272454723 -18.486897738158433 0.22874206978459222
-1.3856907455089384 37.86340455072323 0.42170090135665633
-63.21009163755906 -3.4600296481500266 0.48833199155125956
-39.493573282550585 72.1674945870312 0.4967788957158939
49.85595877185017 77.10202658503883 0.49916307046131064
3.0564495518260912 -36.855368108358455 0.4878762820466909
9.998209302076802 -56.63800667577941 0.5094740374259553
-74.8481647405608 -88.04111464657676 0.4995000066050031
56.101215992110525 86.58520924991436 0.49801457395681464
-44.72013694983863 88.42622995973909 0.5041254833111061
47.39713724457047 33.22684161429987 0.523532263273159
43.60284067469041 77.35402570791342 0.5005907537249937
37.976695762550236 21.435840794225697 0.456431648426108
-88.38994355677046 37.5428148895769 0.5043535551469142
79.57178519149647 -91.86488894286238 0.5007881215973137
81.93479243981042 -96.60245788946071 0.5007364818368713
-36.41822758023454 -34.519276597925426 0.46020904187929146
0.3659094714674467 70.75043299908529 0.5137433349561303
48.244873486171514 -28.550948506707158 0.48370699863673217
14.336160841536753 87.24116512523881 0.49596778982332634
59.81691530636061 81.22183575920832 0.4968892211032994
93.62675154557758 58.640768719340684 0.4985443247430617
-62.765315905208354 -58.96661835221584 0.5060216640205357
-4.866829467979699 -71.34712788795032 0.49888595275485503
7.363466629560804 -75.22263864302178 0.489646225228627
82.53688272834688 32.76670321004809 0.500671548946779
-48.07760375500041 34.6762101983951 0.4833355352054854
-38.26094061041694 76.72792594264948 0.5018432042640354
71.75905744289796 27.288722048892595 0.5097190431984207
-70.59084660717569 -15.520216063900463 0.48710317051777924
49.35624236647516 -80.96563980924697 0.497959570972368
-2.6967572561632664 34.301617501474055 0.3998488031724904
84.09822195313171 21.85141770012298 0.5037309964470343
16.33496682926574 -28.53952248852569 0.6129782152926623
-1.2229169024726758 15.44077285369481 0.2054286020108972
-99.97030145115569 89.39279200719903 0.5005259307939991
-93.33071266489637 56.36558171799123 0.5008296845729435
-91.44970986826364 -78.30969184312815 0.5009288076345844
27.2528946785078 -13.10296678660518 0.5962076524838003
98.27823207960517 -29.97177284293609 0.5010366818669191
86.95490861652806 99.86980270336869 0.49914964225325414
-54.47367038062332 -84.6532837554026 0.49611162720624746
-66.53667363329392 1.1254368737518803 0.49299907508964697
79.12665260290945 -42.876558429583845 0.5036446681770772
89.87464177848321 -91.10159809060956 0.5001568498128156
-34.78697210313662 -44.54586220662824 0.4716284540029047
-1.6369920351624927 -87.00051958135796 0.5021829217027995
-95.71910502466206 2.689082836389531 0.5047980587424613
47.12200091426536 -36.63820943073179 0.4759841027866283
42.85954039297175 -20.77805530779648 0.4752403833864963
18.540287519487975 10.911546382054809 0.3653242850530708
23.451587375043275 37.79380784796845 0.4691985125483184
-32.16561973932694 91.92043901173764 0.4954511105643633
53.33430045780264 -19.142491044329418 0.47256967963999236
55.430210526059284 -85.86401517897487 0.5037414285481908
51.24178981475359 62.47750083377727 0.5016276143743498
32.518841799503406 30.670360493610275 0.4925611385237611
37.44736125314509 52.73456752637185 0.5158600599794808
35.589286873839654 -39.85619594836898 0.4664030677193684
-10.245654278061878 50.877551454571545 0.5363643695490504
54.14087168006381 22.82438722992562 0.5074327031590344
95.97908797105367 -46.89210693940045 0.49675422550207804
87.81586223441724 -16.630218894204503 0.5058798637475591
63.034678557235225 89.5527786410457 0.4981260279745472
72.10234883116183 6.78498222791805 0.48786424394972994
-19.2172811963772 54.626884694583424 0.5240697351238996
-1.727993844546134 93.53223794550769 0.499101912257818
14.03250310366191 -26.037329904934253 0.62241125818777
-85.19299704093831 -94.52925928800934 0.5016900454769094
61.1034222082676 -95.34700107459501 0.49749880706389393
